准考证号	姓名	理论成绩	专业成绩	案例成绩	专业总成绩	身份证号
20180113000078	谢爱兰	70	68	5	83	330302197002160823
20180113000079	张甦	缺考	缺考	缺考	缺考	330502196108270226
20180113000080	易鹏	71.25	58	3	75	429004198408120793
20180113000081	黄琼晓	66.25	66	4	82	332627197910280025
20180113000082	许敏	缺考	缺考	缺考	缺考	652301197203100026
20180113000083	钱建华	50	74	10	84	330103196506080043
20180113000084	郑灵芝	73.75	72	2	90	330103196407250027
20180113000085	殷美洪	68.75	64	5	79	330522197405151928
20180113000086	卢希平	68.75	68	3	85	330724197004030328
20180113000087	翟洪波	81.25	74	6	88	330104197305120046
20180113000088	傅向红	63.75	68	9	79	330103196701010024
20180113000089	周巧敏	77.5	68	3	85	332623197705020026
20180113000090	戚伟珍	66.25	66	11	75	330302196801090927
20180113000091	沈双双	80	64	3	81	330722197401150662
20180113000092	郭君仙	65	64	7	77	330724197111097640
20180113000093	洪妙兰	57.5	56	5	71	330724196301130021
20180113000094	张芳	78.75	74	3	91	370302198201271122
20180113000095	舒静	76.25	60	4	76	330103197305190048
20180113000096	罗玲云	缺考	缺考	缺考	缺考	360203197810071606
20180113000097	舒青青	60	56	7	69	330103196610240043
20180113000098	陈静	50	42	13	49	332627197002212043
20180113000099	沈丽芳	65	68	9	79	330121197604296128
20180113000100	郑加永	76.25	54	3	71	330326197606124517
20180113000101	钱碧霞	76.25	62	2	80	332521196906240049
20180113000102	刘姣	72.5	64	3	81	332522197502020040
20180113000103	卢洪萍	67.5	74	5	89	332621197101075824
20180113000104	唐克峰	66.25	70	9	81	342523198404158815
20180113000105	周磊	68.75	62	6	76	37040219740923433x
20180113000106	傅君	82.5	66	6	80	330902197909166249
20180113000107	史娅萍	缺考	缺考	缺考	缺考	330123196111090066
20180113000108	刘妙珍	56.25	42	6	56	330103196711080042
20180113000109	王玉环	58.75	60	5	75	330302196111220843
20180113000110	徐立奇	77.5	64	5	79	330205198201083312
20180113000111	唐萍	73.75	70	5	85	330402196907011241
20180113000112	田丽蕴	73.75	66	3	83	330205197412140028
20180113000113	李央	66.25	58	8	70	330222197002010024
20180113000114	赵敏	56.25	48	3	65	330204196303049021
20180113000115	洪燕	61.25	70	2	88	320926198105013523
20180113000116	李丽	60	68	5	83	330106197304120821
20180113000117	周潘梅	67.5	54	4	70	33010319660221008x
20180113000118	胡莹	63.75	50	2	68	362202197705072565
20180113000119	吴兰芬	78.75	68	3	85	332525196302150021
20180113000120	赵军招	66.25	66	3	83	330302196711280823
20180113000121	楼丽君	71.25	60	2	78	330724197509270925
20180113000122	张紫娟	77.5	66	6	80	342723197311198582
20180113000123	涂茜	72.5	64	4	80	520103198404261227
20180113000124	王丽珍	71.25	66	4	82	330302196902050844
20180113000125	沈波	75	64	3	81	332621196310190162