准考证号	姓名	理论成绩	专业成绩	身份证号
20180113000001	张春玉	60	78	230405197702220242
20180113000002	程建兵	73.75	84	140322198207262115
20180113000003	王春	65	76	330821197503030927
20180113000004	王祺婧	86.25	62	201502198812081260
20180113000005	刘占利	0	0	410503197012051038
20180113000006	熊智慧	53.75	46	410811198109160020
20180113000007	沙霞	65	70	422424197610015782
20180113000008	冯海英	63.75	74	330302197305150825
20180113000009	赵彤	65	86	330103196702120049
20180113000010	陈洁	55	76	330302196807200824
20180113000011	金美媛	0	0	330722197302090422
20180113000012	王志华	63.75	82	330103196108160726
20180113000013	吴妙卿	56.25	80	330721197111133729
20180113000014	潘利琴	61.25	66	330622197708240528
20180113000015	孙玲玲	68.75	84	211103197802040343
20180113000016	陆乾辉	0	0	440624197805016913
20180113000017	陆如岳	0	0	332625197505022716
20180113000018	吴莉莉	0	0	330102194911141246
20180113000019	郑建琼	65	62	330324198001201024
20180113000020	羊敏俊	66.25	76	332624199008080010
20180113000021	徐维海	61.25	84	330102196910261536
20180113000022	张顺	77.5	80	330226197508180034
20180113000023	林小娜	72.5	84	330103197307240045
20180113000024	沈健	68.75	80	330682198001194418
20180113000025	吴崧	58.75	72	330725197201290029
20180113000026	江肖兴	72.5	72	440104196601133723
20180113000027	陈妙岚	65	74	440683198606121125
20180113000028	焦爽丽	63.75	74	510212197804210029
20180113000029	蒋春明	71.25	78	330681197906145732
20180113000030	司健	73.75	86	320381198608177919
20180113000031	曾江峰	62.5	78	431024198610134515
20180113000032	吕清媛	0	0	239005198105232326
20180113000033	秦凌雪	71.25	70	43250219841218006X
20180113000034	杜于茜	66.25	74	330103197203040049
20180113000035	陈世勇	76.25	60	230103197005125531
20180113000036	吴燕	67.5	80	330482198205050060
20180113000037	金向红	0	0	330724197511205487
20180113000038	朱景萍	73.75	74	310108197501244427
20180113000039	周海燕	76.25	82	331023198602076642
20180113000040	盛美芳	55	62	330624198406194981
20180113000041	陈静鸳	67.5	80	330702196910010043
20180113000042	鲁才娟	62.5	78	330621198306264664
20180113000043	骆晓莺	58.75	80	330725197102163227
20180113000044	施春亚	55	72	330226197103085469
20180113000045	李桔	80	84	510321198109201864
20180113000046	鲁建央	80	88	330282198701068285
20180113000047	曹娟	75	84	330682198107234465
20180113000048	毛玲玲	68.75	82	332529197303284929
20180113000049	胡亨	67.5	68	330722198310245919
20180113000050	杜菊萍	78.75	84	331082198605100046
20180113000051	杨芳	96.25	88	330481199012193223
20180113000052	王海	73.75	90	340504197910200013
20180113000053	范琦慧	0	0	330103196405130021
20180113000054	李远	68.75	76	330724198706044542
20180113000055	孔建平	0	0	330126196707231324
20180113000056	杜桂莲	66.25	50	440684198305156929
20180113000057	章勇	70	74	33070219790326041x
20180113000058	郭颖	62.5	82	520111198312185423
20180113000059	陈焕新	71.25	84	140402198208172496
20180113000060	张燕	71.25	84	410901198201035524
20180113000061	王樷楠	93.75	92	330683199211132822
20180113000062	邵惠芬	61.25	88	33050119711227712x
20180113000063	饶伟强	63.75	80	332502198109013951
20180113000064	刘洁	70	80	230603198210214367
20180113000065	生帅	58.75	84	220581198903130408
20180113000066	郭钦贤	80	74	43020319890121752X
20180113000067	金彦	65	76	330702197908090421
20180113000068	李秋月	71.25	84	132201198902060024
20180113000069	刘歆	75	82	220106198207099046
20180113000070	吴增贵	70	78	332624198906232536
20180113000071	谢静静	75	82	331004198412200041
20180113000072	郑玥	82.5	80	331082198301058889
20180113000073	卢扬	81.25	86	332624198802110024
20180113000074	黄邀	67.5	74	522701197512011927
20180113000075	李俊	70	68	332621197303110157
20180113000076	余宏盛	71.25	72	422301198309273779
20180113000077	张晓凤	47.5	74	340323198208294729